pressure
kPa = 1
Pa = 1000
atm = 0.0098692
mmHg = 7.5006
torr = 7.500592
psi = 0.1450377
inHg = 0.2952998
bar = 0.01

volume
L = 1
mL = 1000
m3 = 0.001
fl oz = 35.1950797
qt = 0.879876992
gal = 0.219969248
ft3 = 0.0353147

ideal gas constant
R = 8.3144621

Temperature
C -> K = +273.15
K -> C = -273.15
F -> K = (x + 459.67) * 5/9.0
K -> F = (x * 9.0/5) - 459.67
